-0.03576560607249358,0.07362977434667586,-0.000020438933410180098,-1.7431405893477782e-6,-1.3578455741254245e-7,-0.05030700865132443,0,0,0.07362977434667586,0.044325807507601706,-0.000050000180151189514,-4.293203612205177e-6,-3.5370821919252297e-7,-0.11935640997342542,0,0,-0.000020438933410180098,-0.000050000180151189514,0.00007737401161756242,5.711362060973812e-9,4.6064114399149567e-10,0.00007497550437376069,0,0,-1.7431405893477782e-6,-4.293203612205177e-6,5.711362060973812e-9,6.619385589171758e-6,3.9458194475855425e-11,6.421633672803535e-6,0,0,-1.3578455741254245e-7,-3.5370821919252297e-7,4.6064114399149567e-10,3.9458194475855425e-11,5.32453623183365e-7,5.184089374791094e-7,0,0,-0.05030700865132443,-0.11935640997342542,0.00007497550437376069,6.421633672803535e-6,5.184089374791094e-7,0.2096773631783002,0,0,0,0,0,0,0,0,-0.9715055096665116,0,0,0,0,0,0,0,0,-0.5748397087457339
-1.3658042498880174,3.105188812347507,0.0016359414646644466,0.00013972108160585493,0.000011043844255289358,1.6977561531585326,0,0,3.105188812347507,-1.0412614841315926,0.0016269465955475368,0.00013948586032463798,0.000011344349561687224,1.3149195140457302,0,0,0.0016359414646644466,0.0016269465955475368,-0.003541959126543056,-1.2987526300310548e-7,-1.0377811772364198e-8,-0.0017051081658228323,0,0,0.00013972108160585493,0.00013948586032463798,-1.2987526300310548e-7,-0.000302671940252061,-8.878533332101137e-10,-0.00014585808733550025,0,0,0.000011043844255289358,0.000011344349561687224,-1.0377811772364198e-8,-8.878533332101137e-10,-0.00002409520933612347,-0.000011665439238162355,0,0,1.6977561531585326,1.3149195140457302,-0.0017051081658228323,-0.00014585808733550025,-0.000011665439238162355,-4.511119567253249,0,0,0,0,0,0,0,0,176.55350265890704,0,0,0,0,0,0,0,0,195.18519595113705
0.019236538957804365,0.014055594155294428,7.218169156568511e-6,6.199145289722394e-7,5.111551166054914e-8,0.011723387813401149,0,0,0.014055594155294428,-0.04665719268936905,6.49363266065755e-7,5.214568695645864e-8,1.850959565212282e-9,-0.007079124772856163,0,0,7.218169156568511e-6,6.49363266065755e-7,0.000021734183097727734,1.974143188749264e-9,1.5914395162023167e-10,0.00003034481685299123,0,0,6.199145289722394e-7,5.214568695645864e-8,1.974143188749264e-9,1.8590321193390555e-6,1.3630927813179328e-11,2.598730905981598e-6,0,0,5.111551166054914e-8,1.850959565212282e-9,1.5914395162023167e-10,1.3630927813179328e-11,1.4953546025371273e-7,2.0956540964001514e-7,0,0,0.011723387813401149,-0.007079124772856163,0.00003034481685299123,2.598730905981598e-6,2.0956540964001514e-7,0.1446394349598181,0,0,0,0,0,0,0,0,-0.2728393947571718,0,0,0,0,0,0,0,0,-0.1614390414218165
-0.08774097888094899,0.08253116621266375,0.00001899795460472186,1.6215180544154249e-6,1.2714441600517753e-7,0.01939889096574279,0,0,0.08253116621266375,-0.02329097283269419,0.00003119867353978656,2.680291644704205e-6,2.2180972949331902e-7,0.014885978549449959,0,0,0.00001899795460472186,0.00003119867353978656,-0.000057443082684003184,-3.928038619026339e-9,-3.1687536644802653e-10,-0.00004930688995988773,0,0,1.6215180544154249e-6,2.680291644704205e-6,-3.928038619026339e-9,-4.914569998715862e-6,-2.7144358157109704e-11,-4.223325244221015e-6,0,0,1.2714441600517753e-7,2.2180972949331902e-7,-3.1687536644802653e-10,-2.7144358157109704e-11,-3.953227474713407e-7,-3.4109767548194257e-7,0,0,0.01939889096574279,0.014885978549449959,-0.00004930688995988773,-4.223325244221015e-6,-3.4109767548194257e-7,-0.0856957294082821,0,0,0,0,0,0,0,0,0.7212992431502214,0,0,0,0,0,0,0,0,0.4267926869435068
