-0.0361351450825302,0.070670452357597,-0.000021882393195359096,-1.8664970423326865e-6,-1.454898547386499e-7,-0.05304924134223029,0,0,0.070670452357597,0.04558599582143663,-0.00005513995398654628,-4.73450113125315e-6,-3.9011178644756714e-7,-0.13007147328730617,0,0,-0.000021882393195359096,-0.00005513995398654628,0.00008370188020501089,5.906782205512601e-9,4.766972272223436e-10,0.00007814513021592965,0,0,-1.8664970423326865e-6,-4.73450113125315e-6,5.906782205512601e-9,7.161482509189195e-6,4.0836603079429154e-11,6.693532216433928e-6,0,0,-1.454898547386499e-7,-3.9011178644756714e-7,4.766972272223436e-10,4.0836603079429154e-11,5.763617982714815e-7,5.406650215431379e-7,0,0,-0.05304924134223029,-0.13007147328730617,0.00007814513021592965,6.693532216433928e-6,5.406650215431379e-7,0.22827495717463914,0,0,0,0,0,0,0,0,-0.9250951518442423,0,0,0,0,0,0,0,0,-0.6023836733598142
-1.3995772788946024,2.863400752303781,0.0015255731742936955,0.00013028862338094175,0.000010293749010222227,1.5903707074371154,0,0,2.863400752303781,-1.5929696729386094,0.0014520446850919734,0.00012455453137293619,0.000010167999501217242,1.11799146892905,0,0,0.0015255731742936955,0.0014520446850919734,-0.0036139068816832295,-1.406622514478402e-7,-1.1234404646891967e-8,-0.0018368728079961344,0,0,0.00013028862338094175,0.00012455453137293619,-1.406622514478402e-7,-0.0003088150088896044,-9.610523369599373e-10,-0.00015711694148785602,0,0,0.000010293749010222227,0.000010167999501217242,-1.1234404646891967e-8,-9.610523369599373e-10,-0.000024586044781489136,-0.00001255925769205855,0,0,1.5903707074371154,1.11799146892905,-0.0018368728079961344,-0.00015711694148785602,-0.00001255925769205855,-4.677750331012834,0,0,0,0,0,0,0,0,200.79129795855232,0,0,0,0,0,0,0,0,212.67945737724835
0.020831119247882064,0.013847221841336176,7.862934172847515e-6,6.752126835202958e-7,5.564056914033428e-8,0.012719360205305041,0,0,0.013847221841336176,-0.04779534572930069,1.999532705562606e-7,1.3510206340338746e-8,-1.387587780466321e-9,-0.007483642572504007,0,0,7.862934172847515e-6,1.999532705562606e-7,0.000022893766182760705,2.026760479805305e-9,1.6347695970826303e-10,0.00003126366520279921,0,0,6.752126835202958e-7,1.3510206340338746e-8,2.026760479805305e-9,1.958400901670619e-6,1.4002984057046303e-11,2.67758453607059e-6,0,0,5.564056914033428e-8,-1.387587780466321e-9,1.6347695970826303e-10,1.4002984057046303e-11,1.5761105200914875e-7,2.160356919436936e-7,0,0,0.012719360205305041,-0.007483642572504007,0.00003126366520279921,2.67758453607059e-6,2.160356919436936e-7,0.14600995662888774,0,0,0,0,0,0,0,0,-0.2529747970390308,0,0,0,0,0,0,0,0,-0.16472671725068375
-0.08276545518828302,0.0818986235082642,0.00002074310929087601,1.7707509717376418e-6,1.3897727778784682e-7,0.023268577264898626,0,0,0.0818986235082642,-0.023912408319777423,0.00003479699813957703,2.989330988564873e-6,2.4736941257560416e-7,0.02409552293384118,0,0,0.00002074310929087601,0.00003479699813957703,-0.00006260662906956067,-4.068839204581936e-9,-3.284450097369631e-10,-0.000051623303199832656,0,0,1.7707509717376418e-6,2.989330988564873e-6,-4.068839204581936e-9,-5.356904875187862e-6,-2.8137648824005824e-11,-4.422014788083636e-6,0,0,1.3897727778784682e-7,2.4736941257560416e-7,-3.284450097369631e-10,-2.8137648824005824e-11,-4.311301724422786e-7,-3.5735349222769455e-7,0,0,0.023268577264898626,0.02409552293384118,-0.000051623303199832656,-4.422014788083636e-6,-3.5735349222769455e-7,-0.10262780454034032,0,0,0,0,0,0,0,0,0.6919900189444943,0,0,0,0,0,0,0,0,0.4505952589948235
